0.0000
0.4000
0.6000
0.8000
1.2000
1.4000
1.6000
2.0000
2.2000
2.4000
2.6000
2.8000
3.2000
3.4000
3.6000
4.0000
4.2000
4.4000
4.8000
5.0000
5.2000
5.4000
5.6000
6.0000
6.2000
6.4000
6.8000
7.0000
7.2000
7.6000
7.8000
8.0000
8.4000
8.6000
8.8000
9.2000
9.4000
9.6000
10.0000
10.2000
10.4000
10.8000
11.0000
11.2000
11.6000
11.8000
12.0000
12.4000
12.6000
12.8000
13.2000
13.4000
13.6000
14.0000
14.2000
14.4000
14.8000
15.0000
15.2000
15.6000
15.8000
16.0000
16.4000
16.6000
16.8000
17.2000
17.4000
17.6000
18.0000
18.2000
18.4000
18.6000
18.8000
19.2000
19.4000
19.6000
20.0000
20.2000
20.4000
20.8000
21.0000
21.2000
21.6000
21.8000
22.0000
22.4000
22.6000
22.8000
23.2000
23.4000
23.6000
24.0000
24.2000
24.4000
24.8000
25.0000
25.2000
25.6000
25.8000
26.0000
26.4000
26.6000
26.8000
27.2000
27.4000
27.6000
28.0000
28.2000
28.4000
28.8000
29.0000
29.2000
29.6000
29.8000
30.0000
30.4000
30.6000
30.8000
31.2000
31.4000
31.6000
32.0000
32.0000
32.1000
32.2000
32.2000
32.3000
32.4000
32.5000
32.6000
32.7000
32.8000
33.0000
33.2000
33.3000
33.4000
33.5000
33.6000
33.8000
34.0000
34.1000
34.2000
34.3000
34.4000
34.6000
34.8000
34.9000
35.0000
35.1000
35.2000
35.4000
35.6000
35.7000
35.8000
35.9000
36.0000
36.2000
36.4000
36.5000
36.6000
36.7000
36.8000
37.0000
37.2000
37.3000
37.4000
37.5000
37.6000
37.8000
38.0000
38.1000
38.2000
38.3000
38.4000
38.6000
38.8000
38.9000
39.0000
39.1000
39.2000
39.4000
39.6000
39.7000
39.8000
39.9000
40.0000
40.2000
40.4000
40.5000
40.6000
40.7000
40.8000
41.0000
41.2000
41.3000
41.4000
41.5000
41.6000
41.8000
42.0000
42.1000
42.2000
42.3000
42.4000
42.6000
42.8000
42.9000
43.0000
43.1000
43.2000
43.4000
43.6000
43.7000
43.8000
43.9000
44.0000
44.2000
44.4000
44.5000
44.6000
44.7000
44.8000
45.0000
45.2000
45.3000
45.4000
45.5000
45.6000
45.8000
46.0000
46.1000
46.2000
46.3000
46.4000
46.6000
46.8000
46.9000
47.0000
47.1000
47.2000
47.4000
47.6000
47.7000
47.8000
47.9000
48.0000
48.2000
48.4000
48.5000
48.6000
48.7000
48.8000
49.0000
49.2000
49.3000
49.4000
49.5000
49.6000
49.8000
50.0000
50.1000
50.2000
50.3000
50.4000
50.6000
50.8000
50.9000
51.0000
51.1000
51.2000
51.4000
51.6000
51.7000
51.8000
51.9000
52.0000
52.2000
52.4000
52.5000
52.6000
52.7000
52.8000
53.0000
53.2000
53.3000
53.4000
53.5000
53.6000
53.8000
54.0000
54.1000
54.2000
54.3000
54.4000
54.6000
54.8000
54.9000
55.0000
55.1000
55.2000
55.4000
55.6000
55.7000
55.8000
55.9000
56.0000
56.2000
56.4000
56.5000
56.6000
56.7000
56.8000
57.0000
57.2000
57.3000
57.4000
57.5000
57.6000
57.8000
58.0000
58.1000
58.2000
58.3000
58.4000
58.6000
58.8000
58.9000
59.0000
59.1000
59.2000
59.4000
59.6000
59.7000
59.8000
59.9000
60.0000
60.2000
60.4000
60.5000
60.6000
60.7000
60.8000
61.0000
61.2000
61.3000
61.4000
61.5000
61.6000
61.8000
62.0000
62.1000
62.2000
62.3000
62.4000
62.6000
62.8000
62.9000
63.0000
63.1000
63.2000
63.4000
63.6000
63.7000
63.8000
63.9000
64.0000
64.0000
64.2000
64.2000
64.4000
64.8000
65.2000
65.6000
65.8000
66.0000
66.4000
66.8000
67.2000
67.4000
67.6000
68.0000
68.4000
68.8000
69.0000
69.2000
69.6000
70.0000
70.4000
70.6000
70.8000
71.2000
71.6000
72.0000
72.2000
72.4000
72.8000
73.2000
73.6000
73.8000
74.0000
74.4000
74.8000
75.2000
75.4000
75.6000
76.0000
76.4000
76.8000
77.0000
77.2000
77.6000
78.0000
78.4000
78.6000
78.8000
79.2000
79.6000
80.0000
80.2000
80.4000
80.8000
81.2000
81.6000
81.8000
82.0000
82.4000
82.8000
83.2000
83.4000
83.6000
84.0000
84.4000
84.8000
85.0000
85.2000
85.6000
86.0000
86.4000
86.6000
86.8000
87.2000
87.6000
88.0000
88.2000
88.4000
88.8000
89.2000
89.6000
89.8000
90.0000
90.4000
90.8000
91.2000
91.4000
91.6000
92.0000
92.4000
92.8000
93.0000
93.2000
93.6000
94.0000
94.4000
94.6000
94.8000
95.2000
95.6000
96.0000
96.1000
96.2000
96.3000
96.4000
96.6000
96.8000
96.9000
97.0000
97.1000
97.2000
97.4000
97.6000
97.7000
97.8000
97.9000
98.0000
98.2000
98.4000
98.5000
98.6000
98.7000
98.8000
99.0000
99.2000
99.3000
99.4000
99.5000
99.6000
99.8000
100.0000
100.1000
100.2000
100.3000
100.4000
100.6000
100.8000
100.9000
101.0000
101.1000
101.2000
101.4000
101.6000
101.7000
101.8000
101.9000
102.0000
102.2000
102.4000
102.5000
102.6000
102.7000
102.8000
103.0000
103.2000
103.3000
103.4000
103.5000
103.6000
103.8000
104.0000
104.1000
104.2000
104.3000
104.4000
104.6000
104.8000
104.9000
105.0000
105.1000
105.2000
105.4000
105.6000
105.7000
105.8000
105.9000
106.0000
106.2000
106.4000
106.5000
106.6000
106.7000
106.8000
107.0000
107.2000
107.3000
107.4000
107.5000
107.6000
107.8000
108.0000
108.1000
108.2000
108.3000
108.4000
108.6000
108.8000
108.9000
109.0000
109.1000
109.2000
109.4000
109.6000
109.7000
109.8000
109.9000
110.0000
110.2000
110.4000
110.5000
110.6000
110.7000
110.8000
111.0000
111.2000
111.3000
111.4000
111.5000
111.6000
111.8000
112.0000
112.1000
112.2000
112.3000
112.4000
112.6000
112.8000
112.9000
113.0000
113.1000
113.2000
113.4000
113.6000
113.7000
113.8000
113.9000
114.0000
114.2000
114.4000
114.5000
114.6000
114.7000
114.8000
115.0000
115.2000
115.3000
115.4000
115.5000
115.6000
115.8000
116.0000
116.1000
116.2000
116.3000
116.4000
116.6000
116.8000
116.9000
117.0000
117.1000
117.2000
117.4000
117.6000
117.7000
117.8000
117.9000
118.0000
118.2000
118.4000
118.5000
118.6000
118.7000
118.8000
119.0000
119.2000
119.3000
119.4000
119.5000
119.6000
119.8000
120.0000
120.1000
120.2000
120.3000
120.4000
120.6000
120.8000
120.9000
121.0000
121.1000
121.2000
121.4000
121.6000
121.7000
121.8000
121.9000
122.0000
122.2000
122.4000
122.5000
122.6000
122.7000
122.8000
123.0000
123.2000
123.3000
123.4000
123.5000
123.6000
123.8000
124.0000
124.1000
124.2000
124.3000
124.4000
124.6000
124.8000
124.9000
125.0000
125.1000
125.2000
125.4000
125.6000
125.7000
125.8000
125.9000
126.0000
126.2000
126.4000
126.5000
126.6000
126.7000
126.8000
127.0000
127.2000
127.3000
127.4000
127.5000
127.6000
127.8000
128.0000
128.1000
128.2000
128.3000
128.4000
128.5000
128.6000
128.7000
128.8000
128.9000
129.0000
129.1000
129.2000
129.3000
129.4000
129.5000
129.6000
129.7000
129.8000
129.9000
130.0000
130.1000
130.2000
130.3000
130.4000
130.5000
130.6000
130.7000
130.8000
130.9000
131.0000
131.1000
131.2000
131.3000
131.4000
131.5000
131.6000
131.7000
131.8000
131.9000
132.0000
132.1000
132.2000
132.3000
132.4000
132.5000
132.6000
132.7000
132.8000
132.9000
133.0000
133.1000
133.2000
133.3000
133.4000
133.5000
133.6000
133.7000
133.8000
133.9000
134.0000
134.1000
134.2000
134.3000
134.4000
134.5000
134.6000
134.7000
134.8000
134.9000
135.0000
135.1000
135.2000
135.3000
135.4000
135.5000
135.6000
135.7000
135.8000
135.9000
136.0000
136.1000
136.2000
136.3000
136.4000
136.5000
136.6000
136.7000
136.8000
136.9000
137.0000
137.1000
137.2000
137.3000
137.4000
137.5000
137.6000
137.7000
137.8000
137.9000
138.0000
138.1000
138.2000
138.3000
138.4000
138.5000
138.6000
138.7000
138.8000
138.9000
139.0000
139.1000
139.2000
139.3000
139.4000
139.5000
139.6000
139.7000
139.8000
139.9000
140.0000
140.1000
140.2000
140.3000
140.4000
140.5000
140.6000
140.7000
140.8000
140.9000
141.0000
141.1000
141.2000
141.3000
141.4000
141.5000
141.6000
141.7000
141.8000
141.9000
142.0000
142.1000
142.2000
142.3000
142.4000
142.5000
142.6000
142.7000
142.8000
142.9000
143.0000
143.1000
143.2000
143.3000
143.4000
143.5000
143.6000
143.7000
143.8000
143.9000
144.0000
144.1000
144.2000
144.3000
144.4000
144.5000
144.6000
144.7000
144.8000
144.9000
145.0000
145.1000
145.2000
145.3000
145.4000
145.5000
145.6000
145.7000
145.8000
145.9000
146.0000
146.1000
146.2000
146.3000
146.4000
146.5000
146.6000
146.7000
146.8000
146.9000
147.0000
147.1000
147.2000
147.3000
147.4000
147.5000
147.6000
147.7000
147.8000
147.9000
148.0000
148.1000
148.2000
148.3000
148.4000
148.5000
148.6000
148.7000
148.8000
148.9000
149.0000
149.1000
149.2000
149.3000
149.4000
149.5000
149.6000
149.7000
149.8000
149.9000
150.0000
150.1000
150.2000
150.3000
150.4000
150.5000
150.6000
150.7000
150.8000
150.9000
151.0000
151.1000
151.2000
151.3000
151.4000
151.5000
151.6000
151.7000
151.8000
151.9000
152.0000
152.1000
152.2000
152.3000
152.4000
152.5000
152.6000
152.7000
152.8000
152.9000
153.0000
153.1000
153.2000
153.3000
153.4000
153.5000
153.6000
153.7000
153.8000
153.9000
154.0000
154.1000
154.2000
154.3000
154.4000
154.5000
154.6000
154.7000
154.8000
154.9000
155.0000
155.1000
155.2000
155.3000
155.4000
155.5000
155.6000
155.7000
155.8000
155.9000
156.0000
156.1000
156.2000
156.3000
156.4000
156.5000
156.6000
156.7000
156.8000
156.9000
157.0000
157.1000
157.2000
157.3000
157.4000
157.5000
157.6000
157.7000
157.8000
157.9000
158.0000
158.1000
158.2000
158.3000
158.4000