0.0000
0.2222
0.4444
0.6667
0.8889
1.1111
1.3333
1.5556
1.7778
2.0000
2.2222
2.4444
2.6667
2.8889
3.1111
3.3333
3.5556
3.7778
4.0000
4.2222
4.4444
4.6667
4.8889
5.1111
5.3333
5.5556
5.7778
6.0000
6.2222
6.4444
6.6667
6.8889
7.1111
7.3333
7.5556
7.7778
8.0000
8.2222
8.4444
8.6667
8.8889
9.1111
9.3333
9.5556
9.7778
10.0000
10.2222
10.4444
10.6667
10.8889
11.1111
11.3333
11.5556
11.7778
12.0000
12.2222
12.4444
12.6667
12.8889
13.1111
13.3333
13.5556
13.7778
14.0000
14.2222
14.4444
14.6667
14.8889
15.1111
15.3333
15.5556
15.7778
16.0000
16.2222
16.4444
16.6667
16.8889
17.1111
17.3333
17.5556
17.7778
18.0000
18.2222
18.4444
18.6667
18.8889
19.1111
19.3333
19.5556
19.7778
20.0000
20.2222
20.4444
20.6667
20.8889
21.1111
21.3333
21.5556
21.7778
22.0000
22.2222
22.4444
22.6667
22.8889
23.1111
23.3333
23.5556
23.7778
24.0000
24.2222
24.4444
24.6667
24.8889
25.1111
25.3333
25.5556
25.7778
26.0000
26.2222
26.4444
26.6667
26.8889
27.1111
27.3333
27.5556
27.7778
28.0000
28.2222
28.4444
28.6667
28.8889
29.1111
29.3333
29.5556
29.7778
30.0000
30.0000
30.1481
30.2963
30.4444
30.5926
30.7407
30.8889
31.0370
31.1852
31.3333
31.4815
31.6296
31.7778
31.9259
32.0741
32.2222
32.3704
32.5185
32.6667
32.8148
32.9630
33.1111
33.2593
33.4074
33.5556
33.7037
33.8519
34.0000
34.1481
34.2963
34.4444
34.5926
34.7407
34.8889
35.0370
35.1852
35.3333
35.4815
35.6296
35.7778
35.9259
36.0741
36.2222
36.3704
36.5185
36.6667
36.8148
36.9630
37.1111
37.2593
37.4074
37.5556
37.7037
37.8519
38.0000
38.1481
38.2963
38.4444
38.5926
38.7407
38.8889
39.0370
39.1852
39.3333
39.4815
39.6296
39.7778
39.9259
40.0741
40.2222
40.3704
40.5185
40.6667
40.8148
40.9630
41.1111
41.2593
41.4074
41.5556
41.7037
41.8519
42.0000
42.1481
42.2963
42.4444
42.5926
42.7407
42.8889
43.0370
43.1852
43.3333
43.4815
43.6296
43.7778
43.9259
44.0741
44.2222
44.3704
44.5185
44.6667
44.8148
44.9630
45.1111
45.2593
45.4074
45.5556
45.7037
45.8519
46.0000
46.1481
46.2963
46.4444
46.5926
46.7407
46.8889
47.0370
47.1852
47.3333
47.4815
47.6296
47.7778
47.9259
48.0741
48.2222
48.3704
48.5185
48.6667
48.8148
48.9630
49.1111
49.2593
49.4074
49.5556
49.7037
49.8519
50.0000
50.1481
50.2963
50.4444
50.5926
50.7407
50.8889
51.0370
51.1852
51.3333
51.4815
51.6296
51.7778
51.9259
52.0741
52.2222
52.3704
52.5185
52.6667
52.8148
52.9630
53.1111
53.2593
53.4074
53.5556
53.7037
53.8519
54.0000
54.1481
54.2963
54.4444
54.5926
54.7407
54.8889
55.0370
55.1852
55.3333
55.4815
55.6296
55.7778
55.9259
56.0741
56.2222
56.3704
56.5185
56.6667
56.8148
56.9630
57.1111
57.2593
57.4074
57.5556
57.7037
57.8519
58.0000
58.1481
58.2963
58.4444
58.5926
58.7407
58.8889
59.0370
59.1852
59.3333
59.4815
59.6296
59.7778
59.9259
60.0741
60.2222
60.3704
60.5185
60.6667
60.8148
60.9630
61.1111
61.2593
61.4074
61.5556
61.7037
61.8519
62.0000
62.1481
62.2963
62.4444
62.5926
62.7407
62.8889
63.0370
63.1852
63.3333
63.4815
63.6296
63.7778
63.9259
64.0741
64.2222
64.3704
64.5185
64.6667
64.8148
64.9630
65.1111
65.2593
65.4074
65.5556
65.7037
65.8519
66.0000
66.1481
66.2963
66.4444
66.5926
66.7407
66.8889
67.0370
67.1852
67.3333
67.4815
67.6296
67.7778
67.9259
68.0741
68.2222
68.3704
68.5185
68.6667
68.8148
68.9630
69.1111
69.2593
69.4074
69.5556
69.7037
69.8519
70.0000
70.1481
70.2963
70.4444
70.5926
70.7407
70.8889
71.0370
71.1852
71.3333
71.4815
71.6296
71.7778
71.9259
72.0741
72.2222
72.3704
72.5185
72.6667
72.8148
72.9630
73.1111
73.2593
73.4074
73.5556
73.7037
73.8519
74.0000
74.1481
74.2963
74.4444
74.5926
74.7407
74.8889
75.0370
75.1852
75.3333
75.4815
75.6296
75.7778
75.9259
76.0741
76.2222
76.3704
76.5185
76.6667
76.8148
76.9630
77.1111
77.2593
77.4074
77.5556
77.7037
77.8519
78.0000
78.1481
78.2963
78.4444
78.5926
78.7407
78.8889
79.0370
79.1852
79.3333
79.4815
79.6296
79.7778
79.9259
80.0741
80.2222
80.3704
80.5185
80.6667
80.8148
80.9630
81.1111
81.2593
81.4074
81.5556
81.7037
81.8519
82.0000
82.1481
82.2963
82.4444
82.5926
82.7407
82.8889
83.0370
83.1852
83.3333
83.4815
83.6296
83.7778
83.9259
84.0741
84.2222
84.3704
84.5185
84.6667
84.8148
84.9630
85.1111
85.2593
85.4074
85.5556
85.7037
85.8519
86.0000
86.1481
86.2963
86.4444
86.5926
86.7407
86.8889
87.0370
87.1852
87.3333
87.4815
87.6296
87.7778
87.9259
88.0741
88.2222
88.3704
88.5185
88.6667
88.8148
88.9630
89.1111
89.2593
89.4074
89.5556
89.7037
89.8519
90.0000
90.0000
90.1111
90.1481
90.2222
90.2963
90.3333
90.4444
90.5556
90.6667
90.7778
90.8889
91.0000
91.1111
91.2222
91.3333
91.4444
91.5556
91.6667
91.7778
91.8889
92.0000
92.1111
92.2222
92.3333
92.4444
92.5556
92.6667
92.7778
92.8889
93.0000
93.1111
93.2222
93.3333
93.4444
93.5556
93.6667
93.7778
93.8889
94.0000
94.1111
94.2222
94.3333
94.4444
94.5556
94.6667
94.7778
94.8889
95.0000
95.1111
95.2222
95.3333
95.4444
95.5556
95.6667
95.7778
95.8889
96.0000
96.1111
96.2222
96.3333
96.4444
96.5556
96.6667
96.7778
96.8889
97.0000
97.1111
97.2222
97.3333
97.4444
97.5556
97.6667
97.7778
97.8889
98.0000
98.1111
98.2222
98.3333
98.4444
98.5556
98.6667
98.7778
98.8889
99.0000
99.1111
99.2222
99.3333
99.4444
99.5556
99.6667
99.7778
99.8889
100.0000
100.1111
100.2222
100.3333
100.4444
100.5556
100.6667
100.7778
100.8889
101.0000
101.1111
101.2222
101.3333
101.4444
101.5556
101.6667
101.7778
101.8889
102.0000
102.1111
102.2222
102.3333
102.4444
102.5556
102.6667
102.7778
102.8889
103.0000
103.1111
103.2222
103.3333
103.4444
103.5556
103.6667
103.7778
103.8889
104.0000
104.1111
104.2222
104.3333
104.4444
104.5556
104.6667
104.7778
104.8889
105.0000
105.1111
105.2222
105.3333
105.4444
105.5556
105.6667
105.7778
105.8889
106.0000
106.1111
106.2222
106.3333
106.4444
106.5556
106.6667
106.7778
106.8889
107.0000
107.1111
107.2222
107.3333
107.4444
107.5556
107.6667
107.7778
107.8889
108.0000
108.1111
108.2222
108.3333
108.4444
108.5556
108.6667
108.7778
108.8889
109.0000
109.1111
109.2222
109.3333
109.4444
109.5556
109.6667
109.7778
109.8889
110.0000
110.1111
110.2222
110.3333
110.4444
110.5556
110.6667
110.7778
110.8889
111.0000
111.1111
111.2222
111.3333
111.4444
111.5556
111.6667
111.7778
111.8889
112.0000
112.1111
112.2222
112.3333
112.4444
112.5556
112.6667
112.7778
112.8889
113.0000
113.1111
113.2222
113.3333
113.4444
113.5556
113.6667
113.7778
113.8889
114.0000
114.1111
114.2222
114.3333
114.4444
114.5556
114.6667
114.7778
114.8889
115.0000
115.1111
115.2222
115.3333
115.4444
115.5556
115.6667
115.7778
115.8889
116.0000
116.1111
116.2222
116.3333
116.4444
116.5556
116.6667
116.7778
116.8889
117.0000
117.1111
117.2222
117.3333
117.4444
117.5556
117.6667
117.7778
117.8889
118.0000
118.1111
118.2222
118.3333
118.4444
118.5556
118.6667
118.7778
118.8889
119.0000
119.1111
119.2222
119.3333
119.4444
119.5556
119.6667
119.7778
119.8889
120.0000
120.1111
120.2222
120.3333
120.4444
120.5556
120.6667
120.7778
120.8889
121.0000
121.1111
121.2222
121.3333
121.4444
121.5556
121.6667
121.7778
121.8889
122.0000
122.1111
122.2222
122.3333
122.4444
122.5556
122.6667
122.7778
122.8889
123.0000
123.1111
123.2222
123.3333
123.4444
123.5556
123.6667
123.7778
123.8889
124.0000
124.1111
124.2222
124.3333
124.4444
124.5556
124.6667
124.7778
124.8889
125.0000
125.1111
125.2222
125.3333
125.4444
125.5556
125.6667
125.7778
125.8889
126.0000
126.1111
126.2222
126.3333
126.4444
126.5556
126.6667
126.7778
126.8889
127.0000
127.1111
127.2222
127.3333
127.4444
127.5556
127.6667
127.7778
127.8889
128.0000
128.1111
128.2222
128.3333
128.4444
128.5556
128.6667
128.7778
128.8889
129.0000
129.1111
129.2222
129.3333
129.4444
129.5556
129.6667
129.7778
129.8889
130.0000
130.1111
130.2222
130.3333
130.4444
130.5556
130.6667
130.7778
130.8889
131.0000
131.1111
131.2222
131.3333
131.4444
131.5556
131.6667
131.7778
131.8889
132.0000
132.1111
132.2222
132.3333
132.4444
132.5556
132.6667
132.7778
132.8889
133.0000
133.1111
133.2222
133.3333
133.4444
133.5556
133.6667
133.7778
133.8889
134.0000
134.1111
134.2222
134.3333
134.4444
134.5556
134.6667
134.7778
134.8889
135.0000
135.1111
135.2222
135.3333
135.4444
135.5556
135.6667
135.7778
135.8889
136.0000
136.1111
136.2222
136.3333
136.4444
136.5556
136.6667
136.7778
136.8889
137.0000
137.1111
137.2222
137.3333
137.4444
137.5556
137.6667
137.7778
137.8889
138.0000
138.1111
138.2222
138.3333
138.4444
138.5556
138.6667
138.7778
138.8889
139.0000
139.1111
139.2222
139.3333
139.4444
139.5556
139.6667
139.7778
139.8889
140.0000
140.1111
140.2222
140.3333
140.4444
140.5556
140.6667
140.7778
140.8889
141.0000
141.1111
141.2222
141.3333
141.4444
141.5556
141.6667
141.7778
141.8889
142.0000
142.1111
142.2222
142.3333
142.4444
142.5556
142.6667
142.7778
142.8889
143.0000
143.1111
143.2222
143.3333
143.4444
143.5556
143.6667
143.7778
143.8889
144.0000
144.1111
144.2222
144.3333
144.4444
144.5556
144.6667
144.7778
144.8889
145.0000
145.1111
145.2222
145.3333
145.4444
145.5556
145.6667
145.7778
145.8889
146.0000
146.1111
146.2222
146.3333
146.4444
146.5556
146.6667
146.7778
146.8889
147.0000
147.1111
147.2222
147.3333
147.4444
147.5556
147.6667
147.7778
147.8889
148.0000
148.1111
148.2222
148.3333
148.4444
148.5556
148.6667
148.7778
148.8889
149.0000
149.1111
149.2222
149.3333
149.4444
149.5556
149.6667
149.7778
149.8889
150.0000
150.1481
150.2963
150.4444
150.5926
150.7407
150.8889
151.0370
151.1852
151.3333
151.4815
151.6296
151.7778
151.9259
152.0741
152.2222
152.3704
152.5185
152.6667
152.8148
152.9630
153.1111
153.2593
153.4074
153.5556
153.7037
153.8519
154.0000
154.1481
154.2963
154.4444
154.5926
154.7407
154.8889
155.0370
155.1852
155.3333
155.4815
155.6296
155.7778
155.9259
156.0741
156.2222
156.3704
156.5185
156.6667
156.8148
156.9630
157.1111
157.2593
157.4074
157.5556
157.7037
157.8519
158.0000
158.1481
158.2963
158.4444
158.5926
158.7407
158.8889
159.0370
159.1852
159.3333
159.4815
159.6296
159.7778
159.9259
160.0741
160.2222
160.3704
160.5185
160.6667
160.8148
160.9630
161.1111
161.2593
161.4074
161.5556
161.7037
161.8519
162.0000
162.1481
162.2963
162.4444
162.5926
162.7407
162.8889
163.0370
163.1852
163.3333
163.4815
163.6296
163.7778
163.9259
164.0741
164.2222
164.3704
164.5185
164.6667
164.8148
164.9630
165.1111
165.2593
165.4074
165.5556
165.7037
165.8519
166.0000
166.1481
166.2963
166.4444
166.5926
166.7407
166.8889
167.0370
167.1852
167.3333
167.4815
167.6296
167.7778
167.9259
168.0741
168.2222
168.3704
168.5185
168.6667
168.8148
168.9630
169.1111
169.2593
169.4074
169.5556
169.7037
169.8519
170.0000
170.1481
170.2963
170.4444
170.5926
170.7407
170.8889
171.0370
171.1852
171.3333
171.4815
171.6296
171.7778
171.9259
172.0741
172.2222
172.3704
172.5185
172.6667
172.8148
172.9630
173.1111
173.2593
173.4074
173.5556
173.7037
173.8519
174.0000
174.1481
174.2963
174.4444
174.5926
174.7407
174.8889
175.0370
175.1852
175.3333
175.4815
175.6296
175.7778
175.9259
176.0741
176.2222
176.3704
176.5185
176.6667
176.8148
176.9630
177.1111
177.2593
177.4074
177.5556
177.7037
177.8519
178.0000
178.1481
178.2963
178.4444
178.5926
178.7407
178.8889
179.0370
179.1852
179.3333
179.4815